MAGNITUDE WARNINGS: 
5001
5002
5003
5004
5005
5006
5008
5009
5010
5011
5012
5014
5015
5016
5017
5020
5021
5022
5023
5024
5025
5026
5027
5028
5029
5030
5031
5032
5033
5034
5035
5036
5037
5038
5039
5040
5041
5042
5043
5044
5045
5048
5049
5050
5051
5052
5053
5054
5055
5056
5057
5059
5060
5061
5063
5064
5065
5066
5067
5068
5069
5070
5071
5072
5073
5074
5075
5076
5077
5078
5079
5080
5081
5082
5083
5084
5085
5086
5087
5088
5089
5090
5091
5092
5093
5094
5095
5096
5097
5098
5099
5100
5101
5102
5103
5104
5105
5106
5107
5108
5109
5110
5111
5112
5113
5114
5115
5116
5117
5118
5119
5120
5121
5122
5123
5124
5125
5126
5128
5129
5130
5131
5132
5133
5134
5135
5136
5137
5138
5139
5140
5141
5142
5143
5144
5145
5146
5147
5148
5149
5151
5152
5153
5154
5155
5156
5157
5158
5159
5160
5161
5162
5163
5164
5165
5166
5167
5168
5169
5170
5171
5172
5173
5174
5175
5176
5177
5178
5179
5180
5181
5182
5185
5186
5187
5188
5189
5190
5191
5192
5193
5194
5195
5196
5197
5199
5200
5201
5202
5203
5205
5206
5207
5208
5209
5210
5211
5212
5213
5214
5215
5216
5218
5219
5220
5221
5222
5223
5224
5226
5227
5229
5230
5231
5232
5233
5234
5235
5236
5238
5239
5240
5241
5242
5243
5244
5245
5246
5247
5248
5249
5250
5251
5252
5253
5254
5255
5256
5257
5258
5259
5261
5262
5263
5264
5266
5267
5268
5269
5270
5271
5272
5273
5274
5275
5276
5277
5278
5279
5280
5282
5284
5285
5286
5287
5288
5289
5290
5291
5292
5293
5295
5296
5297
5298
5299
5300
5301
5302
5303
5304
5305
5308
5309
5310
5311
5312
5314
5315
5316
5317
5319
5320
5321
5322
5323
5324
5325
5326
5329
5330
5331
5334
5335
5336
5337
5339
5340
5341
5342
5343
5344
5345
5346
5347
5349
5350
5351
5352
5353
5354
5355
5356
5357
5358
5359
5360
5362
5363
5364
5365
5366
5367
5368
5369
5370
5371
5372
5373
5374
5375
5376
5377
5378
5379
5380
5381
5382
5383
5385


TYPE WARNINGS: 
5079


SIZE WARNINGS: 
5003
5029
5030
5057
5061
5080
5081
5083
5089
5097
5098
5112
5113
5115
5126
5132
5133
5134
5136
5137
5151
5153
5155
5159
5161
5163
5164
5166
5167
5172
5189
5193
5194
5195
5209
5216
5226
5248
5251
5254
5255
5259
5268
5275
5276
5278
5291
5292
5293
5295
5297
5299
5300
5303
5308
5310
5316
5317
5319
5330
5336
5340
5344
5346
5347
5352
5360
5363
5367
5368
5371
5379
5383
5385


DRIVER WARNINGS: 
5007
5013
5018
5019
5046
5047
5062
5127
5150
5183
5184
5265
5281
5306
5307
5327
5384
5386
